MEME version 5.0.4

ALPHABET "DNA" DNA-LIKE
A "Adenine" CC0000 ~ T "Thymine" 008000
C "Cytosine" 0000CC ~ G "Guanine" FFB300
N "Any base" = ACGT
X = ACGT
. = ACGT
V "Not T" = ACG
H "Not G" = ACT
D "Not C" = AGT
B "Not A" = CGT
M "Amino" = AC
R "Purine" = AG
W "Weak" = AT
S "Strong" = CG
Y "Pyrimidine" = CT
K "Keto" = GT
U = T
END ALPHABET

strands: + -

Background letter frequencies (from unknown source):
 A 0.250 C 0.250 G 0.250 T 0.250

MOTIF wt_olap.DREME.1

letter-probability matrix: alength= 4 w= 7
 0.000000 0.000000 0.000000 1.000000
 1.000000 0.000000 0.000000 0.000000
 1.000000 0.000000 0.000000 0.000000
 0.000000 0.000000 0.000000 1.000000
 0.000000 1.000000 0.000000 0.000000
 0.000000 0.559161 0.000000 0.440839
 0.000000 0.401545 0.184327 0.414128

MOTIF e80a_olap.DREME.1

letter-probability matrix: alength= 4 w= 7
 0.000000 0.000000 0.000000 1.000000
 1.000000 0.000000 0.000000 0.000000
 1.000000 0.000000 0.000000 0.000000
 0.000000 0.000000 0.000000 1.000000
 0.000000 1.000000 0.000000 0.000000
 0.000000 0.600290 0.000000 0.399710
 0.000000 0.433301 0.157443 0.409256

MOTIF k88n_olap.MEME.2

letter-probability matrix: alength= 4 w= 11
 0.106589  0.005814  0.000000  0.887597
 0.959302  0.000000  0.009690  0.031008
 1.000000  0.000000  0.000000  0.000000
 0.093023  0.011628  0.058140  0.837209
 0.503876  0.075581  0.232558  0.187984
 0.038760  0.000000  0.414729  0.546512
 0.282946  0.434109  0.218992  0.063953
 1.000000  0.000000  0.000000  0.000000
 0.000000  0.000000  0.000000  1.000000
 0.000000  0.000000  0.000000  1.000000
 0.968992  0.000000  0.000000  0.031008

MOTIF k88n_olap.DREME.1

letter-probability matrix: alength= 4 w= 7
 0.000000 0.360395 0.264036 0.375569
 0.000000 0.000000 0.000000 1.000000
 0.603945 0.396055 0.000000 0.000000
 1.000000 0.000000 0.000000 0.000000
 0.000000 0.000000 0.000000 1.000000
 0.000000 0.000000 0.000000 1.000000
 1.000000 0.000000 0.000000 0.000000

MOTIF k88n_gain.MEME.1

letter-probability matrix: alength= 4 w= 14
 0.255014  0.134670  0.366762  0.243553
 0.237822  0.323782  0.151862  0.286533
 0.094556  0.008596  0.008596  0.888252
 0.985673  0.000000  0.014327  0.000000
 0.997135  0.000000  0.000000  0.002865
 0.000000  0.000000  0.022923  0.977077
 0.120344  0.146132  0.659026  0.074499
 0.166189  0.355301  0.011461  0.467049
 0.435530  0.126074  0.020057  0.418338
 0.948424  0.014327  0.031519  0.005731
 0.000000  0.000000  0.000000  1.000000
 0.008596  0.000000  0.000000  0.991404
 0.948424  0.000000  0.000000  0.051576
 0.252149  0.094556  0.323782  0.329513

MOTIF e80a_loss.MEME.3

letter-probability matrix: alength= 4 w= 11
 0.154655  0.022523  0.000000  0.822823
 0.975976  0.000000  0.004505  0.019520
 1.000000  0.000000  0.000000  0.000000
 0.000000  0.000000  0.484985  0.515015
 0.438438  0.273273  0.129129  0.159159
 0.390390  0.030030  0.551051  0.028529
 0.000000  0.126126  0.873874  0.000000
 0.612613  0.337838  0.031532  0.018018
 0.000000  0.000000  0.000000  1.000000
 0.030030  0.147147  0.006006  0.816817
 0.561562  0.043544  0.114114  0.280781

MOTIF CRX_Corbo

letter-probability matrix: alength= 4 w= 8
 0.209900  0.265000  0.160400  0.364700
 0.138500  0.021700  0.013100  0.826700
 0.802500  0.010300  0.129500  0.057700
 0.984500  0.003900  0.005500  0.006000
 0.029200  0.020300  0.167100  0.783400
 0.109300  0.748200  0.039700  0.102900
 0.071200  0.605300  0.032100  0.291300
 0.179800  0.319000  0.263800  0.237400

MOTIF Crx.MA0467.1

letter-probability matrix: alength= 4 w= 11
 0.575584  0.141631  0.218407  0.064378
 0.693371  0.020505  0.198856  0.087268
 0.165474  0.026228  0.701001  0.107296
 0.449690  0.105866  0.392465  0.051979
 0.245589  0.000000  0.750596  0.003815
 0.000000  0.000000  1.000000  0.000000
 0.778255  0.221745  0.000000  0.000000
 0.000000  0.000000  0.000000  1.000000
 0.000000  0.013829  0.000000  0.986171
 0.951359  0.000000  0.000000  0.048641
 0.259418  0.024797  0.632332  0.083453

MOTIF NRL.MA0842.2

letter-probability matrix: alength= 4 w= 13
 0.529161  0.113927  0.205230  0.151682
 0.667349  0.026393  0.116059  0.190199
 0.619793  0.011319  0.022532  0.346356
 0.477914  0.044750  0.027994  0.449341
 0.251028  0.208205  0.293191  0.247576
 0.018959  0.090325  0.002219  0.888497
 0.000037  0.000000  0.999963  0.000000
 0.035654  0.963073  0.000778  0.000495
 0.000000  0.000294  0.000000  0.999706
 0.002576  0.000000  0.960864  0.036560
 0.999853  0.000000  0.000147  0.000000
 0.001555  0.900754  0.018493  0.079198
 0.220398  0.061297  0.533568  0.184736

MOTIF FOS::JUN.MA0099.2 

letter-probability matrix: alength= 4 w= 7
 0.000000  0.055556  0.000000  0.944444
 0.000000  0.000000  0.833333  0.166667
 0.888889  0.111111  0.000000  0.000000
 0.277778  0.666667  0.055556  0.000000
 0.166667  0.000000  0.055556  0.777778
 0.000000  0.833333  0.166667  0.000000
 0.888889  0.000000  0.055556  0.055556

