MEME version 5.0.4

ALPHABET "DNA" DNA-LIKE
A "Adenine" CC0000 ~ T "Thymine" 008000
C "Cytosine" 0000CC ~ G "Guanine" FFB300
N "Any base" = ACGT
X = ACGT
. = ACGT
V "Not T" = ACG
H "Not G" = ACT
D "Not C" = AGT
B "Not A" = CGT
M "Amino" = AC
R "Purine" = AG
W "Weak" = AT
S "Strong" = CG
Y "Pyrimidine" = CT
K "Keto" = GT
U = T
END ALPHABET

strands: + -

Background letter frequencies (from unknown source):
 A 0.250 C 0.250 G 0.250 T 0.250


MOTIF CRX_Corbo

letter-probability matrix: alength= 4 w= 8 nsites= 32 E= 0.0e+000
 0.209900  0.265000  0.160400  0.364700
 0.138500  0.021700  0.013100  0.826700
 0.802500  0.010300  0.129500  0.057700
 0.984500  0.003900  0.005500  0.006000
 0.029200  0.020300  0.167100  0.783400
 0.109300  0.748200  0.039700  0.102900
 0.071200  0.605300  0.032100  0.291300
 0.179800  0.319000  0.263800  0.237400

MOTIF GFI1_MOUSE.H11MO.0.C

letter-probability matrix: alength= 4 w= 10 nsites= 150 E= 1.0e+000
 0.291469  0.069515  0.587580  0.051437
 0.077749  0.684556  0.139318  0.098377
 0.405185  0.100381  0.075645  0.418790
 0.052015  0.285514  0.563133  0.099338
 0.239209  0.016978  0.079967  0.663846
 0.000000  0.000000  1.000000  0.000000
 1.000000  0.000000  0.000000  0.000000
 0.000000  0.000000  0.000000  1.000000
 0.000000  0.000000  0.000000  1.000000
 0.103502  0.118062  0.190824  0.587611

URL http://hocomoco.autosome.ru/motif/GFI1_MOUSE.H11MO.0.C

MOTIF MAZ_MOUSE.H11MO.1.A

letter-probability matrix: alength= 4 w= 11 nsites= 486 E= 1.0e+000
 0.323045  0.137860  0.512346  0.026749
 0.487654  0.045267  0.368313  0.098765
 0.065844  0.006173  0.921811  0.006173
 0.000000  0.000000  0.989712  0.010288
 0.002058  0.006173  0.989712  0.002058
 0.648148  0.302469  0.000000  0.049383
 0.028807  0.002058  0.967078  0.002058
 0.004115  0.000000  0.989712  0.006173
 0.123457  0.016461  0.837449  0.022634
 0.123457  0.006173  0.866255  0.004115
 0.115226  0.341564  0.469136  0.074074

URL http://hocomoco.autosome.ru/motif/MAZ_MOUSE.H11MO.1.A

MOTIF MEF2D_MOUSE.H11MO.0.A

letter-probability matrix: alength= 4 w= 14 nsites= 500 E= 1.0e+000
 0.294000  0.060000  0.302000  0.344000
 0.072000  0.074000  0.488000  0.366000
 0.026000  0.754000  0.060000  0.160000
 0.002000  0.024000  0.006000  0.968000
 0.962000  0.000000  0.004000  0.034000
 0.058000  0.004000  0.004000  0.934000
 0.080000  0.022000  0.008000  0.890000
 0.090000  0.032000  0.006000  0.872000
 0.296000  0.090000  0.014000  0.600000
 0.076000  0.010000  0.050000  0.864000
 0.764000  0.000000  0.224000  0.012000
 0.086000  0.034000  0.788000  0.092000
 0.302000  0.474000  0.064000  0.160000
 0.310000  0.286000  0.086000  0.318000

URL http://hocomoco.autosome.ru/motif/MEF2D_MOUSE.H11MO.0.A

MOTIF NDF1_MOUSE.H11MO.0.A

letter-probability matrix: alength= 4 w= 10 nsites= 500 E= 1.0e+000
 0.434000  0.072000  0.470000  0.024000
 0.524000  0.208000  0.266000  0.002000
 0.022000  0.976000  0.002000  0.000000
 0.998000  0.000000  0.000000  0.002000
 0.002000  0.000000  0.974000  0.024000
 0.730000  0.220000  0.050000  0.000000
 0.008000  0.000000  0.000000  0.992000
 0.002000  0.000000  0.992000  0.006000
 0.008000  0.048000  0.768000  0.176000
 0.076000  0.396000  0.126000  0.402000

URL http://hocomoco.autosome.ru/motif/NDF1_MOUSE.H11MO.0.A

MOTIF NRL_HUMAN.MA0842.1

letter-probability matrix: alength= 4 w= 11 nsites= 5786 E= 0.0e+000
 0.389043  0.133426  0.212236  0.265296
 0.439088  0.105063  0.151201  0.304648
 0.344971  0.153992  0.102834  0.398203
 0.241576  0.238120  0.213582  0.306722
 0.090677  0.199953  0.036736  0.672634
 0.008534  0.003926  0.987541  0.000000
 0.136911  0.839159  0.000000  0.023930
 0.068134  0.041275  0.012595  0.877997
 0.051302  0.013023  0.761115  0.174559
 0.868638  0.048191  0.022219  0.060952
 0.047010  0.571206  0.158140  0.223643

URL http://jaspar.genereg.net/matrix/MA0842.1

MOTIF RORB_HUMAN.MA1150.1

letter-probability matrix: alength= 4 w= 11 nsites= 1000 E= 0.0e+000
 0.785000  0.014000  0.029000  0.172000
 0.525475  0.025974  0.023976  0.424575
 0.233233  0.162162  0.201201  0.403403
 0.053000  0.165000  0.235000  0.547000
 0.602000  0.014000  0.358000  0.026000
 0.016000  0.025000  0.907000  0.052000
 0.032000  0.013000  0.928000  0.027000
 0.028000  0.146000  0.050000  0.776000
 0.047000  0.781000  0.017000  0.155000
 0.896000  0.015000  0.063000  0.026000
 0.205000  0.326000  0.145000  0.324000

URL http://jaspar.genereg.net/matrix/MA1150.1

MOTIF RAX_HUMAN.MA0718.1

letter-probability matrix: alength= 4 w= 10 nsites= 2413 E= 0.0e+000
 0.321177  0.153336  0.381683  0.143804
 0.140547  0.398425  0.173715  0.287313
 0.080724  0.483214  0.009430  0.426631
 0.975728  0.006877  0.001214  0.016181
 0.970233  0.015286  0.004827  0.009654
 0.048521  0.000000  0.000000  0.951479
 0.027276  0.027276  0.018824  0.926623
 0.942924  0.000000  0.007819  0.049257
 0.435919  0.117793  0.290751  0.155537
 0.223466  0.347430  0.158789  0.270315

URL http://jaspar.genereg.net/matrix/MA0718.1

MOTIF  Nr2e3_MOUSE.MA0164.1

letter-probability matrix: alength= 4 w= 7
 0.173913  0.521739  0.086957  0.217391
 1.000000  0.000000  0.000000  0.000000
 1.000000  0.000000  0.000000  0.000000
 0.000000  0.043478  0.956522  0.000000
 0.000000  1.000000  0.000000  0.000000
 0.000000  0.000000  0.000000  1.000000
 0.000000  0.000000  0.000000  1.000000

URL http://jaspar.genereg.net/matrix/MA0164.1

MOTIF ASCL1_HUMAN.MA1100.1

letter-probability matrix: alength= 4 w= 1
 0.214691  0.257374  0.369682  0.158253
 0.186614  0.398185  0.287720  0.127482
 0.619257  0.098128  0.178673  0.103942
 0.030062  0.024674  0.941435  0.003829
 0.003971  0.981282  0.011061  0.003687
 0.967102  0.008650  0.010635  0.013613
 0.002978  0.039705  0.950510  0.006807
 0.023398  0.899461  0.074163  0.002978
 0.007799  0.009784  0.010210  0.972206
 0.002552  0.003403  0.990783  0.003261
 0.047362  0.310976  0.499575  0.142087
 0.209444  0.306863  0.243619  0.240074
 0.217385  0.251276  0.351390  0.179949

URL http://jaspar.genereg.net/matrix/MA1100.1

MOTIF NEUROD1_HUMAN.MA1109.1

letter-probability matrix: alength= 4 w= 13
 0.245837  0.187993  0.318142  0.248028
 0.330850  0.141543  0.397020  0.130587
 0.564855  0.198072  0.216477  0.020596
 0.007450  0.981595  0.005697  0.005259
 0.982033  0.003067  0.007011  0.007888
 0.007011  0.010517  0.943032  0.039439
 0.891323  0.065732  0.033742  0.009202
 0.024102  0.022349  0.008326  0.945223
 0.005697  0.003067  0.977651  0.013585
 0.025855  0.040754  0.859772  0.073620
 0.163453  0.399211  0.183173  0.254163
 0.303243  0.236635  0.262489  0.197634
 0.235758  0.258983  0.275197  0.230061

URL http://jaspar.genereg.net/matrix/MA1109.1

MOTIF Neurod2_MOUSE.MA0668.2

letter-probability matrix: alength= 4 w= 15
 0.271172  0.224626  0.315957  0.188245
 0.256031  0.177716  0.330279  0.235974
 0.210820  0.161665  0.426465  0.201050
 0.430743  0.149316  0.317565  0.102376
 0.627848  0.179294  0.177565  0.015293
 0.006493  0.980854  0.007464  0.005189
 0.985466  0.003975  0.006402  0.004157
 0.008769  0.016142  0.926177  0.048912
 0.892769  0.078011  0.021483  0.007737
 0.022818  0.016628  0.009497  0.951057
 0.005431  0.004582  0.976302  0.013684
 0.017781  0.055466  0.839002  0.087751
 0.149073  0.302758  0.174561  0.373608
 0.248475  0.281063  0.263465  0.206997
 0.264071  0.256577  0.252814  0.226538

URL http://jaspar.genereg.net/matrix/MA0668.2

MOTIF ATOH7_HUMAN.MA1468.1

letter-probability matrix: alength= 4 w= 10
 0.702863  0.095755  0.140178  0.061204
 0.424157  0.296348  0.216292  0.063202
 0.000000  1.000000  0.000000  0.000000
 0.816514  0.000000  0.116972  0.066514
 0.016816  0.118834  0.066143  0.798206
 0.734021  0.185567  0.080412  0.000000
 0.000000  0.032808  0.032808  0.934383
 0.000000  0.000000  1.000000  0.000000
 0.007022  0.217697  0.366573  0.408708
 0.023256  0.547196  0.002736  0.426813

URL http://jaspar.genereg.net/matrix/MA1468.1

MOTIF Bhlhe40_MOUSE.MA0464.1 

letter-probability matrix: alength= 4 w= 11
 0.102885  0.434574  0.399329  0.063212
 0.308087  0.033156  0.199064  0.459694
 0.000000  1.000000  0.000000  0.000000
 1.000000  0.000000  0.000000  0.000000
 0.000000  0.917046  0.000000  0.082954
 0.181916  0.070046  0.748038  0.000000
 0.000000  0.000000  0.000000  1.000000
 0.000000  0.000000  1.000000  0.000000
 0.244179  0.754176  0.001645  0.000000
 0.419451  0.269236  0.021830  0.289484
 0.128322  0.398190  0.232916  0.240572

URL http://jaspar.genereg.net/matrix/MA0464.1

MOTIF K88N_atacGain.STREME-6

letter-probability matrix: alength= 4 w= 7
 0.000111 0.960517 0.039261 0.000111
 0.059960 0.137503 0.028270 0.774267
 0.000111 0.027922 0.971856 0.000111
 0.000111 0.007653 0.000088 0.992148
 0.000111 0.064049 0.910077 0.025763
 0.177892 0.012646 0.080083 0.729379
 0.065934 0.749932 0.126953 0.057181

URL file:///Users/yiqiao/mgi.data/100322_ATAC/meme/atac_clustered_peaks/khom/khom_gain_regions/streme_out/streme.html?more=6-CTGTGTC


MOTIF K88N_atacGain.STREME-1

letter-probability matrix: alength= 4 w= 13
 0.234177 0.198264 0.115892 0.451667
 0.099946 0.021022 0.006850 0.872182
 0.883117 0.005920 0.030363 0.080601
 0.979631 0.003501 0.000249 0.016619
 0.076162 0.024494 0.046967 0.852377
 0.187993 0.156447 0.274838 0.380723
 0.433331 0.066669 0.066669 0.433331
 0.380723 0.274838 0.156447 0.187993
 0.852377 0.046967 0.024494 0.076162
 0.016619 0.000249 0.003501 0.979631
 0.080601 0.030363 0.005920 0.883117
 0.872182 0.006850 0.021022 0.099946
 0.451667 0.115892 0.198264 0.234177

URL file:///Users/yiqiao/mgi.data/100322_ATAC/meme/atac_clustered_peaks/khom/khom_gain_regions/streme_out/streme.html?more=1-WTAATKWMATTAW

MOTIF E80A_atacLost.MEME-19

letter-probability matrix: alength= 4 w= 11
 0.076305 0.000000 0.000000 0.923695
 1.000000 0.000000 0.000000 0.000000
 1.000000 0.000000 0.000000 0.000000
 0.000000 0.000000 0.598394 0.401606
 0.514056 0.329317 0.076305 0.080321
 0.389558 0.004016 0.570281 0.036145
 0.012048 0.024096 0.963855 0.000000
 0.574297 0.365462 0.024096 0.036145
 0.000000 0.000000 0.000000 1.000000
 0.092369 0.168675 0.028112 0.710843
 0.674699 0.012048 0.124498 0.188755

URL file:///Users/yiqiao/mgi.data/100322_ATAC/meme/atac_clustered_peaks/e80a/e80a_lost_regions/meme_out/meme.html#motif_GTAGMCCAGGCTGGCCTYGAACTC

MOTIF VSX2_e14.5.MEME-1 

letter-probability matrix: alength= 4 w= 15
 0.182000 0.322000 0.123000 0.373000
 0.050000 0.005000 0.000000 0.945000
 0.925000 0.028000 0.030000 0.017000
 1.000000 0.000000 0.000000 0.000000
 0.000000 0.000000 0.000000 1.000000
 0.000000 0.002000 0.000000 0.998000
 0.956000 0.000000 0.044000 0.000000
 0.046000 0.034000 0.912000 0.008000
 0.028000 0.861000 0.042000 0.069000
 0.151000 0.320000 0.030000 0.499000
 0.208000 0.149000 0.249000 0.394000
 0.200000 0.266000 0.225000 0.309000
 0.310000 0.273000 0.200000 0.217000
 0.186000 0.154000 0.134000 0.526000
 0.212000 0.316000 0.160000 0.312000

URL file:///V:/yqzheng/qiaoer/VSCode_yiqiao/VSX2_ChIP/meme/e14.5_chip_regions/meme_out/meme.html#motif_YTAATTAGCYDNNTN

